/* -*- Mode: Javascript; tab-width: 4; indent-tabs-mode: nil; c-basic-offset: 4 -*- */
{
    "io":
    {
        "footpedals": "io/sawRobotIO1394-MTML-foot-pedals.xml",
        "watchdog-timeout": 0.3
    }
    ,
    "operator-present":
    {
        "hid": "hid/goovis-hd.json"
    }
    ,
    "arms":
    [
        {
            "name": "PSM1",
            "type": "PSM",
            "serial": "66666",
            "base-frame": {
                "reference-frame": "ECM",
                "transform": [[  1.0,  0.0,          0.0,         -0.20],
                              [  0.0, -0.866025404,  0.5,          0.0 ],
                              [  0.0, -0.5,         -0.866025404,  0.0 ],
                              [  0.0,  0.0,          0.0,          1.0 ]]
            }
        }
        ,
        {
            "name": "PSM2",
            "type": "PSM",
            "serial": "88888",
            "base-frame": {
                "reference-frame": "ECM",
                "transform": [[  1.0,  0.0,          0.0,         -0.20],
                              [  0.0, -0.866025404,  0.5,          0.0 ],
                              [  0.0, -0.5,         -0.866025404,  0.0 ],
                              [  0.0,  0.0,          0.0,          1.0 ]]
            }
        },
        {
            "name": "ECM",
            "type": "ECM",
            "serial": "44444"
        },
        {
            "name": "MTML",
            "type": "MTM",
            "serial": "00000",
            "base-frame": {
                "reference-frame": "HRSV",
                "transform": [[ -1.0,  0.0,          0.0,          0.180],
                              [  0.0,  0.866025404,  0.5,          0.400],
                              [  0.0,  0.5,         -0.866025404,  0.475],
                              [  0.0,  0.0,          0.0,          1.0]]
            }
        },
        {
            "name": "MTMR",
            "type": "MTM",
            "serial": "22222",
            "base-frame": {
                "reference-frame": "HRSV",
                "transform": [[ -1.0,  0.0,          0.0,          -0.180],
                              [  0.0,  0.866025404,  0.5,          0.400],
                              [  0.0,  0.5,         -0.866025404,  0.475],
                              [  0.0,  0.0,          0.0,          1.0]]
            }
        }
    ]
    ,
    "psm-teleops":
    [
        {
            "mtm": "MTML",
            "psm": "PSM2",
            "configure-parameter": {
                "scale": 0.4
            }
        },
        {
            "mtm": "MTMR",
            "psm": "PSM1",
            "configure-parameter": {
                "scale": 0.4
            }
        }
    ],
    "ecm-teleop": {
        "ecm": "ECM",
        "mtm-left": "MTML",
        "mtm-right": "MTMR"
    }
}

